$ANSIBLE_VAULT;1.1;AES256
36653866313737653863333065346530363864623334373536333862373231386538636137316564
3439336162623963373033313436633737633335333566640a656136663133393261643434653238
31616436663939326462346666323164346137343432336438336466303736616134383736346539
3065653861346235330a373266653262633165373263336238386436623337336136323562386636
30323765633032343762323963313230336236313464653463366437653564353566623338306237
35666133306361393363396439366465383466626362343334323534376239313932366232623566
35306363643235396435663463323861373839316331643630346131323533393635623631646232
33626537663664353265393464393461393061656133313762346632303063656631653963346164
35363038653733326162646132643062636135616139393634646330333834333030633432303366
32666261323138383439333262616337383564313133646433666334303732633937613737313964
37353835383631646364353230393863333738393163353535646264663366623837363030306636
35646661376165396366383665643764346563376235316532636166636231643961323439376333
63353461386533636462373264356338616338383464306339366239356634323366656265363032
35333831363134663236616631613136613164396131613930366630376633353162303661353164
66343434666361336630376636333532636166616539376561326234303436333834396461346562
30396538313434616338343565323063616230626161646136643962306230363435383331383432
31646435336565326465356163306266343634333966626434623537363833393234323966383733
39376632643536393035616437393235653338633866393532303565623761616561653639333135
31366166643737653230323061346362656532326463363839656637663737666633643737313035
64393534393533653435353463623661373731376364366532633731343131323734666663336462
31383130386130653830383466363764633739623961666466623131636163316234616231636332
64313664353664626232666665386335313533343236356165656363333165303230326630393265
65346665306262356362383366656138346461613364356235666137373439386236336233303966
33346238313937666238643265326436363032343934643832666137626631323864656239666639
38333635383536353265636536663664623437306563666138366335383736363537366466383433
32653462643739653131313235383134333730663962373831323333623034386365326165646136
62623733633732326336333764633932393466303234393739396361666537303939313064353465
65346330663966323137393034303938653131346666353634623665613037653366313261613437
34316437303366643562613239643962653235656232346231373862313364383339333933343965
39666261636335376162653336623066623132633534623863363062633738623061613565383535
33306133326362336366323565396133353931643538333430393138663937656337383335353735
61663564313764353235383033336337633339623732643332353833343363313636326531333439
62313564323063613434323463633637626263636662356365383664363235366234353336653661
34633264306539343931663566633234376361633062663962306461643365393230306137363661
63303866343436306333303937373631303730613239353439343031363736303130353063386165
36393835633661613764396534633532346430643930343939316337326166643434386664383735
61376266353735663565383663363934663238313765623033613465346366313266313338383465
61386432306337316530386137353561363435373037303339633738343533356466336432643963
66333662623830316438633063343033323361653834663037326532636131393835656165383666
36336562366530643662643261356338636137626530626631303839356661333862316331663962
62373663656363343131653538636565643236616661646131373036373632643232303737326637
30313031353430653536396239613261386435346461366137333961343032643266343534393561
32663732366531346566616662393034396234376562313164346661633131616336333961306635
39663538663639663430373264646363633330386366346663653736663038613366396133373964
64633564333335623035646633373662383965666465383662323539346339303063333139386165
38623736663766326564613238323363633063306533323336396233363731643333653237636639
38316562383864386332376164636234336434376232613039303762653137336336363365366634
37343839356630353766343466306136343361323761663435363839303736353835393962623337
61623366306665383539333866383936613634323230383339343539383366613665623564643232
63353539373137343765333637653265663339363265643034303563623464343135643465633864
38323935643165346662363763333337333439656563643561303038316136316663623564653933
36373238323531336465623637633439663264373862326232646237613365653964316131336562
31653361306362653231636161323463626333333535393537326231306561623337653536316662
32373430346234353837376665383137303162663863303838636432353762363361323632323737
62623934656366623766383134303665313966623166316331356364323162666137393963343738
38616631306361306664643863363236366339373735303566663138636264313262326662373666
62323963363031363732336565376263313435366433643362333539363833306561626331383733
32663437643266356338393832333638376334313664633636616339616135323763386636376266
62383731396431353038333963366666663363666564313061393963353866623761386337316631
36396161343234616161323364653166626239303636393065336536666165316334366636646635
66643031636536373433666165616432626333623232643633623537636433393034333639633965
63623833393364313431646564373135363539653131373830336335373636643931356663366166
31613664353733346663633865383739653730323566633632376439656137386533613265306635
63313531653833366132306638633337393039626438326664636131323535366165323262383031
34653037343864316530636639623331393434643363343233336161363539303636363938616137
62333739363264666139333933663366383437303533333538666637626331653362663231373465
36393833356263646266646631383638393530326237653336636235353137353264346331323930
37633833393961326437663037666165633263316264353364666234373734633866636561363764
35313632333665313363663636356533303834623335633266633136313965643261316239646164
63663964363732626134636137333535396439346333343830313766356661353138383731656461
61346530333537373431316438636430323136386130333637316361313734386438376662363532
37633435303464396136336333363363626539336639663866366165336332343635303234616130
37663032666231343463646434346462653562356135393935323964613864306262343565303137
63653564313136373163623933656435653934376632343966353861333136313039326334656265
37633065616237663966343033326261373665313565643538393030306537623935393736303536
65386538663532623332386234396466303038323161363561306565633230353066653030353366
65373233323661373431626639323363373461653136663838663335633232343135626439633631
65646337353361656563636636666638306338323862316164633163643538663463623131653537
37303434633332613837663566666235316335623730326234366533333230333431653539363835
63353631346534366266666234623839656163666465346638643030393930613537326330656535
35353463383034343139396137643966323733626138396638366164393662363436366530666634
33383962383963373965326564643032663362623839616533326437623733373462656338306636
32353264663131363264663134633434666263623363353436313565623131396663356539323464
37643035306466303733653536646138366364326361383965643764616362393332386266323535
30353035396238393164303936316466633732333061373566616533313266323931633762613236
35303237633063396630393263396536356662333530613130323861653030643939663730353364
62323139623964633261306439323731353937656465616139336333613636396230663532646137
36313737316235633337
