$ANSIBLE_VAULT;1.1;AES256
33326362613036323439396132333932376161616364343938343538613862366633643737616263
6132303234303864303131663336373737643131373366340a326339623162396139326138323032
39646566616238616661306435643031633439356563626133396537323537393834323066363763
6339376366353339610a616262316231636665643265393062366463333065363637663334393439
61643633623332323032393062343431333966326530663936653130636536616461356131626632
63373363343563306631353264306532613461613438613435653832313263653730663330386537
30636464323133613966353934613633323862306131353937623538373731376163626166326532
37316330383033393039393535303364323736393961343837356533306364326231656161653432
36386333636235373634623035383465383833613233303364323339376236646364303466333264
37633233343466633961666237356363396364376136373832303864656433623231326430303330
38313064333234313064376338663137616464356335383738356366373730303364363861643132
31653564393133366638646633646634303632613535323565336536376661663033336236326236
63316238653533343439623433363633643164333935656530323032303165656538323632343464
39393036383530663037343865333830636336343831643432393339323639343665316264656339
39373664316536666230373834396333316632326264633965653065663161666239636134306439
63356262343030643238663066623833636136636362346233623961313635373162333262383063
63623365653733623134616331363366363461373164656339383065333664666666323735363064
63313961626635616565633034336636333238353931636132613365383239326161323032393538
33303238353966353466333465343231326162386561383963643135343339323262383438383866
63623235366432373262623634636466373362336230623766656238346534393738343430323230
30346331393538356139303765633435306461306633626337633864643034346434363837636531
61393764353131656139386238373933636262396339313832616164313361623762646265353863
39373030363136313033666534346265333561646236393336323161633736643030326563343764
65313132636136396639366430316134323730623265383937306231623966653766653563343661
39333864363130656139313533616530366162666531663230306365653464646437343633363537
34396265323061653732626433643631636438336631633537376537343636333736386634656433
63393535306463616335376135303365646437346235656466613031336638636264386535373739
64623662333335353731353130373062383836633036333263663462666139333863613038623165
65623631393266343266353765636462663830383535653737393432333038333266333262346263
64356336376431313033333735653238383130616430323362373065353562613932393336353135
30346430643032666631313030353465393938383364633966663238393239333262653765633561
33323965353036663634396135646334653563636366303338303738643062643363626462613664
37636238646665373938396262353537386265356466393634626363323338363531383939343234
36303233356438393837363131653362393364333238353463326564653863653765373032396462
36626263356539613762613935336666353334616663653131626464376532333737633963623437
62653530633839353633373838643638326263636637313365623634393565316230666138366430
32316335623764353339633466616166633136613033313138653234386132653566326430623164
32383766343530656531386338373537306662383863386135613362303430323133396166303638
62383963346365393364663834316466326563306637363134303932643334663036636134653265
65353730326231626239646434323162616531346231373063326534373533646461653130326466
37303963326637313334313132373162383765656531363561316662343064323464633339646266
37306137643737346634396538303562333032323336646337393034393864356135643336353331
61353537666562343362316332653530306133643033613435386464306461323232396261663834
65306565643634613232313930366662356431356334636233663630666663613664626633616138
65363230386563656265353738313535636235336131313537306433326463376665396166373037
31313164386136366137633434396362386130386364383965613739613761353437626539653934
61343233306633383533656535636133633936636135393664616434613563333631666538633936
34326466653665633363313565326564656636303836613564613662623265386234316333623733
63306438366132376239363336626238326435383032376138373936343031393666636536616638
63316636666363333136636431633433336362653534383736393064323537306331626663343435
64633238343735653235646261663562326538356264306236346633363666643735636130653539
37306336343662386331653631333537356361653130653836336438356230633132393336316234
34623366366664636262643166643639316433376231633737653531343032666562336337366131
66623061646461653433356536366666313266306634663239313163666238633365613464373263
36616462326363613066366665346531306266323636313938623665616361343865653631333064
66656633346662393666353232613135306235643938653530626461353464636339623834626365
34353030306137313962303135663264613935636263323131306537633861346462336333363766
37366638623963353838363637313437323730363764323638653037383731393464666535316230
30393565366366393162323263633638363036333237333131326631353439386136383438393561
38643936646434313532313339313635613331303264303266646464613564356633643266383764
38313564663164636233656330353239393033356438333466346265633737323034313938323830
63363739623232303835656330666363336432653330323631663064363735663235633035303361
38626637663430393163663032396635373533643564646365336632346164366536656232663239
62323365316537653533633938346437623262623039643431373431313932316565623165323035
39636436376664633064656330653161383834356637643531346264666435626335646266313261
64323737653533303033626364653663626365633065373833393331303930363361303462656237
64306339306133306363323766356561616462626164346665636339333639313234373934313632
37393239616464386534383731393232316164336631636237626133313533353936653931356231
64396231323464363036633636303638316166633332313434313430303465623731663834643637
65376433353861643035323139643736653531316330303632396230383534323631373838613236
34346536366662383266303030626335666133313334313661336134643363383564623934626335
34333936623837323939343436333235643638336333666164653162613334366161346330373039
63373035336130393035313830306139663036613061353465333435356233353732643933663763
61373237346364653638306661626434353433306431336337366133613966306163383439346462
37393566643434613532613537633039376563333463313731626166333733636235643562643131
30316562383138663032663232663536323762613736323039353938636164663363336361633162
33613039366639386236656663653334323562623239653938396265643439383930313633386532
31323832613262323136306630333936306130316636323633306630353364376538636432393332
30363264303231323636656436303234306636636138616463336330633865373032396132363561
35393237636437666431613764346633643063356434373362656365366462333532313863643334
37393232303934636261366561376161343561626232323361373631663163343734366138633933
63356330623435623337633164666134636534313433643436313131373736396265306637353663
37616633303563643236333131653630633239323339633933346161393065303838326533626630
36383663366334396236383333356165636435653834303037373165323933353865316535333334
65323265326231343734633438316132343833376632353733346334326133613033343161346563
66343132303765623863393534343536323731326630353266356361363937333433613262633065
30663938366565326562363539393965346139653836626165323832333538356339313036306265
32353131346134363032
