$ANSIBLE_VAULT;1.1;AES256
34383663363335396563363463373930613765663338396566656361343762646337363330386131
3563313833303662306236323834333732343266656135360a313761396634613562613662653731
66613137326463313837313634643962633637633766366430613730313361393561303363616465
6237306532613031610a386139633166623963623936356638353965333933663635353039336639
36653030636466313865333431636234323835333030393632313537653430363432376436653661
36623836623938396631363064313234623736356136323231386162313665343465643632666262
33663236383966376438656236376232323033383138613765303166623035393039383863623162
66383130653764333536316234616266666634316464656535633862316330663965633965323464
35383038633462356663326262396532316634303566663131393537316663666264313634336464
32393261623761616531316630326361646666633435666663643063633439323562366561356363
33343436386433366162396364343138326361396639663330326361333465373339303139663336
63366566396665343233396561643637626334373366326633666165386339616563383931336437
39636636313966363638613834383464613134666635303833623833366232333635336261313063
30376562326536666333393466323339346431386461613462636366306335643731646562313031
30633239626631353431313731613335333530656634616538303537386235313536383036646333
64383030313336633334633338326266633033616236623666396631653365313062666165306333
63376461386332663939393363633731386466383963346361636433313839356336633539383161
31313930666330623566613362306661656437333738383036613933343063663735366131353062
61333131306462323861376538383966356431653161623962653239356235663039303265303936
66653562333331366631336632366332386536656565616134623632326364353738613036383165
37373533333630313734623966646665396262633833613830636330363838333131393832643965
30633436336230323930343537303732663433366330383262303530316462376636346462393536
36353264303631353232343962623035396636326461393765313937653137326530396536353765
33666562383663386663363761643033636663356261623431363563353964623632376363643432
62656338383533303866623134393331663263653032363739316232663837333036356534633162
65316234326632393465663537666130383330333930633436336632356431323731623837393939
31646363346361626465636533303339303862643762633662363365653831613265653332616134
65366461656630343037303731343135326133373334373161643831313331626266633239376265
33353136623433323962613530663532383166353231643064663639363034333765316163646432
36663837366238373931343932373962383437633864353737346137666331316436353562613963
30343138636534373065666439663335363966643663323965333537633132633731373364353861
34306434376339646437393531383262393334396339616663336335326231653338653930623833
34613861346532616632626335303166306635663839323835356663623037323337373738303830
65393236656531343464643032303466393134633963363662646338613432323833663762666538
61333038616431666239313863653938356666313061373562333964366134656330663636663866
36323436613461323263393135616463616130643263356264663830313364326664306232663335
37633064633235313333613561363939623835366236393333613334346165353164663339356634
34383237316135333862653662386238616164316231336161383566343631393831633963623235
64666634663266343731376536626232323065383636643666663964346363393464366638333861
65386362306631393366613063316461643935613635623464653437626430343961353665316239
61393234663430303862323331303861653234623665636132326538653438396631653361343562
38303766356530623338653632613363353130346333633731366634343733616163316230356664
38636666663832316335353566623638303061386530313763343632646237306433613235323266
31333766336630646238643438383535663262626262353963613835613030346665303764666336
63633638303262636464616536346331623762633639383362653934663733343263346133326163
32613532623934316132343732333231626261316134313736343364323935306635363339333862
36386261363164626363363433336132346661386530333835326538353839623239656665386164
38636536383537663431363539316632636237333236653632353165663439353064313239643337
62656535653139333431306231353035613834616433343665633333653536663666343536663261
62306531623639646166646532636265653637643635393764316436303436373334333466346664
37613830613162386135616632373665613438356232613336393565653538343863353437613339
63343666323134646666646461623534323761373131643763616430386264393266396435623165
35393339626438313539333536383931346663346566316138626434343637383232643135663131
32323264633962376164353465396162663862633334343962373530356238366166636539343731
32393833306264626434363462323733313535636665653035666337356437643563353830326231
65366263373739363737613062356263316432326232643766373232633564376635656232306331
39633761323665643230643532353765333865323533303463653134613465333562613932643733
65613063313138323564346665353363626537363661636266656135303534376435333263313962
62383237623533343433366334653564313532653739616630396433653361393561343134316462
30623438613234356337623430313562376234636561353037303235333066653038393131373136
61336364373862346564646663346664333037613335316436303337646266303763653962386465
37366432383265346434333163313230643264393736373966386662303939393165336361373332
33653034393161333863343336663530353632373931663637623862353633613364663337386263
64363838383231623731376537323335643963333134303031366134343539663138363161333364
34306334323635613334626166323237626233656134376130373562343631373135386363353264
66616336643135326563343337383561623962373039336137396236316537316430613762353139
38323862643665663735336139396133353433323439613363353264396663663932316433343564
35396562313939323730393161373935353839323462623132626661616533303837303834653366
34386163633566363138643036643963303662643366396630646131336361323438623735616464
62613030323937343735343564366231373831373736363438333031383161313066376263333864
35353534366538336162386434383836303532363239646439396331383166326665666139343831
33393563336566373236386666623438373365333738363263306436663330626138623339353039
30383364623631663362303538313131393265323837646638653631646138373436373239613063
64643066666461636430623236656363613533306536333465626233353264376135376661636266
63653661653466633139353162656535336638666163386230306661313434363166343631343031
34303561666337646633336634373264316266333237363162343539613233646538613262663231
30633566396361306332336634306130356532653032303430656438366261323532643232373166
31643136633834653361663338393564343737373163313730376134303062323730326262636232
32396139353334373966393365656535316330663738646232663964313039346163666139633530
64306432363837316236393337336664313732396366643261383565313235633135623631333837
65376162306331643734393962616465393039353062313362316430396362626562343530616563
34376334333733336365623863633237396366653231333238666463316331623738386534353232
62316163306462323964623262313466353065663865656238386338663639303238303733346336
33623733623561396336316364363963303766336230626138373537383762653466376561623964
36656239393631306436346632353866643161643563633734383365326633313861663235326132
62336130663662636633373838366239336361393437383838336663383939306461326130326466
65396639316439356261333966383239393433343761643637366537306130636265663337313838
32333332366339366533
