$ANSIBLE_VAULT;1.1;AES256
66333366643339343033303036333232336233616433316335353765616530396664626661613762
3736393932633934346235363834663935633261643365310a613539366564393839383466336630
31383361633331643239326162643531383265663837333866386364363638363838663438366265
3636353934383833310a393532616464313161613338623331643132343138363535316565396565
39383235613238623238373234373139643533663030333138333061643231313864346134303236
64653137376165316362383035333330336633653032343562633236333336616537613361313133
64323662633036383030326637633864666533393432323334363338646165613963643464633762
35623661353832363961616530663733336532366330646137313764373065643930653631643162
65643735343134623062353463323532623835356635666133663832663035363938393864643163
65313731393137643833393638616538393661613433316537653663396436633561396264326161
33623234316534346639353964333566363565633230366661336630313638616662323135663834
36623761663332623461376530386262303938643736393838363530656461353166366238373838
63326134653033636431396530633463316134393730366635343538633731656266646237336466
33336430316166303830343863373137353264306336366466376433643361353231623737633164
31353130633131303831613634633065303765646534656632613634363466626533353538643063
33636635613861306465323031323436323563366463643433393763623731346632643834363335
35313064323364336536646536373338623835323861653465336430616137626663303133356665
31383866616133613636336238303736376362613138386561313139343862363339656438336136
34363237373335316332643365646535346231303832313562646363323038303439613432323064
31663164653330363235623763613561633039323933386165303765653066376538633736623763
31646437336131343436653262613963366339646236323536386138653639643534656634366530
64656464343561316431353863326433613530623637346438356566616234356633303335346636
39353034613364326130633063373961376435326633636462376664333064363062396631386332
66633539373437623138653766333139373636643562363431366664386663373737396665383737
36636235393935356161356562363230386162623531656431613936363031373463363830663861
61616237333432663863646565316131346563343064346561613139303863663135643932383531
30616133393362386433633964333534326633363162316330303532653932643935386335373037
30336363353639623863663366363238366162363065643739303433653336383664326163316364
33336331343033643530306133643537326265326166653539353331303536393635663864333730
38326133373230316432306134333630623630313833383533646431386439316632373235333161
36303536353862336438656464343337666662373765343735303938363132393338376632633064
39376630353539353931383236363935396339396136323936653931663739306564303963303361
63343864346238663661353863346235616562626661303031393733363637306634356666316234
65613933373437333563643861343832323032613966346438666662653732653538633732643832
35316361386664336537396665323933363634366134663632316637316532396333303939626366
62336338323037636134396537396461373836396631666332363064353364653464623732616430
64626335373736353636643432623164373466366261353032633539383038306164313133386432
39383062653163623234636634616463613030323230656532343864656165323837366636653434
64376335373863356135636665616632363830643338613932373439383466383661373235393838
31323463306436323630353236653964363761363133396239633364323937356161313538373164
37323832646263613232383036383737353865626133303635653662636332613635643839313663
32376363323334383863376532636137343163353833633361376264303534323564363461623539
63393366323339653964613963623563306637613562623935303631633332303839373233323437
64326134366439623563383334616366356332343436316332656464353662333864353232346563
38646231633930363739313832623034376666363664343632623663623665396539393366393933
34336462633233653935373864623062616431303331366364373666323335393136626232366362
35616464643236626363653836316335393363373962626538326230383234623839323865303932
32386134393337643734303739343937646331383832323263633335393437626630386363303761
64316639333835373130343764313562616435303730663061393531386263303461356638303930
39633132333263363437623962396638326430643238323830396437386538333064383037663735
31303236663466353361343234623836306333353562666636656565393933383236313264663562
63383361313039626164663464373261393439623262356136386465633230313635346636386564
33313633656566653038396464626262343066363337626663353638333333393634343966613262
35643531663734363265386563616233313264656236393530356263376131656464313132663339
62393861366537343265623837343861323937396137663331616364343262343663306336393632
35313266643535376562323137303239653766376634623135366661653864383738376130386164
34656364626438323130363962643431396430363164393862333062663031303238333064393131
33323565643032393161633335376531663534633165336462386137396263363633336537393235
34646232316335383864663066386337383734306236316538613039363631303361333438313962
63313334363763366533396166333566346538373962373438373934656330396266316232643530
38633836613035333337343131616233663065353963363961663664383164306664323834306534
66356265636431323533323931633639613231373061333762623236323430626561623365366665
36613666313736653864613936353738633262353566326531623237376532343935343734303133
36653162366334306162653936333639313339343434383866393239353264326465636265346339
64343331343165623861653361666239616636333933346530353330313537363833366236633563
65323363383336626230353962616264363830326532343363316333383265313562396137613935
32353730326239323738343231323865336261346335653764323431666266353861643132303132
61373332393131353337643639663033346263626532343835303762373661306164306438626430
32613432396538336330326265666263356138343238366662323966376633646133633337623834
38363533326666626231373061313136366431396531613938363238323834613536633763313133
35353135616435323034373865626637376239356633306461373662666162396631653338636435
35376639356332366464313864316666333965626331343662363638353739343363346565393736
32333564306339343537356366336330303637643333353565633566326532346565323830396337
36653461316163663831316537363366343934363735336265326139633961636239613766383066
63346665386339306461396536323565613333653231356563636638633064363866636631333862
35623933393262323536623333303234633166626535393538313333303438356263323434363137
34393532373339666236303739323066363135353963383536613465386531356566666630333962
63653062613038333438616362626633346464343432323166643563306338376265393665666364
32356433363337333365663031653132633834363466386566306438343864366561336165613932
38323932373163383538393464626231386133343336633336633930343636393562663139326538
64633732313164383665633739343836386432666233666562373261626234333831666433343739
30396332623236333262366435376530653363323564646436396131626366633730346136643233
30326663303366326438313434633834343461613864333265373630626665323837393537643066
39383333643362396463393535353561646532356233366330616466383032383333616232653032
65356261303864643462316336393433663466653139303139313331653161303132303038666462
65636439316535313664323537313930336664383065363331333665306136616336383637643261
32643739313635366464343861323234383231376437376637316130383437376234346161376330
65303861646361346236
